2021/07/21-16:54:08.637823 70000ddd5000 RocksDB version: 5.18.3
2021/07/21-16:54:08.637884 70000ddd5000 Git sha rocksdb_build_git_sha:641fae60f63619ed5d0c9d9e4c4ea5a0ffa3e253
2021/07/21-16:54:08.637888 70000ddd5000 Compile date Apr 20 2019
2021/07/21-16:54:08.637890 70000ddd5000 DB SUMMARY
2021/07/21-16:54:08.637978 70000ddd5000 CURRENT file:  CURRENT
2021/07/21-16:54:08.637981 70000ddd5000 IDENTITY file:  IDENTITY
2021/07/21-16:54:08.637995 70000ddd5000 MANIFEST file:  MANIFEST-000007 size: 188631 Bytes
2021/07/21-16:54:08.637999 70000ddd5000 SST files in /Users/kakao/Desktop/kstreams-java/Kstreams.JavaObject/tmp/state/WinClickMapping/0_3/KSTREAM-JOINOTHER-0000000005-store/KSTREAM-JOINOTHER-0000000005-store.1626868800000 dir, Total Num: 4, files: 000848.sst 001063.sst 001187.sst 001236.sst 
2021/07/21-16:54:08.638001 70000ddd5000 Write Ahead Log file in /Users/kakao/Desktop/kstreams-java/Kstreams.JavaObject/tmp/state/WinClickMapping/0_3/KSTREAM-JOINOTHER-0000000005-store/KSTREAM-JOINOTHER-0000000005-store.1626868800000: 000003.log size: 0 ; 
2021/07/21-16:54:08.638004 70000ddd5000                         Options.error_if_exists: 0
2021/07/21-16:54:08.638006 70000ddd5000                       Options.create_if_missing: 1
2021/07/21-16:54:08.638008 70000ddd5000                         Options.paranoid_checks: 1
2021/07/21-16:54:08.638009 70000ddd5000                                     Options.env: 0x117f6ee08
2021/07/21-16:54:08.638010 70000ddd5000                                Options.info_log: 0x7fa4710deb30
2021/07/21-16:54:08.638012 70000ddd5000                Options.max_file_opening_threads: 16
2021/07/21-16:54:08.638014 70000ddd5000                              Options.statistics: 0x0
2021/07/21-16:54:08.638015 70000ddd5000                               Options.use_fsync: 0
2021/07/21-16:54:08.638017 70000ddd5000                       Options.max_log_file_size: 0
2021/07/21-16:54:08.638018 70000ddd5000                  Options.max_manifest_file_size: 1073741824
2021/07/21-16:54:08.638020 70000ddd5000                   Options.log_file_time_to_roll: 0
2021/07/21-16:54:08.638021 70000ddd5000                       Options.keep_log_file_num: 1000
2021/07/21-16:54:08.638022 70000ddd5000                    Options.recycle_log_file_num: 0
2021/07/21-16:54:08.638023 70000ddd5000                         Options.allow_fallocate: 1
2021/07/21-16:54:08.638024 70000ddd5000                        Options.allow_mmap_reads: 0
2021/07/21-16:54:08.638025 70000ddd5000                       Options.allow_mmap_writes: 0
2021/07/21-16:54:08.638026 70000ddd5000                        Options.use_direct_reads: 0
2021/07/21-16:54:08.638027 70000ddd5000                        Options.use_direct_io_for_flush_and_compaction: 0
2021/07/21-16:54:08.638028 70000ddd5000          Options.create_missing_column_families: 0
2021/07/21-16:54:08.638029 70000ddd5000                              Options.db_log_dir: 
2021/07/21-16:54:08.638030 70000ddd5000                                 Options.wal_dir: /Users/kakao/Desktop/kstreams-java/Kstreams.JavaObject/tmp/state/WinClickMapping/0_3/KSTREAM-JOINOTHER-0000000005-store/KSTREAM-JOINOTHER-0000000005-store.1626868800000
2021/07/21-16:54:08.638031 70000ddd5000                Options.table_cache_numshardbits: 6
2021/07/21-16:54:08.638032 70000ddd5000                      Options.max_subcompactions: 1
2021/07/21-16:54:08.638033 70000ddd5000                  Options.max_background_flushes: -1
2021/07/21-16:54:08.638034 70000ddd5000                         Options.WAL_ttl_seconds: 0
2021/07/21-16:54:08.638036 70000ddd5000                       Options.WAL_size_limit_MB: 0
2021/07/21-16:54:08.638037 70000ddd5000             Options.manifest_preallocation_size: 4194304
2021/07/21-16:54:08.638039 70000ddd5000                     Options.is_fd_close_on_exec: 1
2021/07/21-16:54:08.638041 70000ddd5000                   Options.advise_random_on_open: 1
2021/07/21-16:54:08.638042 70000ddd5000                    Options.db_write_buffer_size: 0
2021/07/21-16:54:08.638044 70000ddd5000                    Options.write_buffer_manager: 0x7fa400527f60
2021/07/21-16:54:08.638045 70000ddd5000         Options.access_hint_on_compaction_start: 1
2021/07/21-16:54:08.638076 70000ddd5000  Options.new_table_reader_for_compaction_inputs: 0
2021/07/21-16:54:08.638078 70000ddd5000           Options.random_access_max_buffer_size: 1048576
2021/07/21-16:54:08.638080 70000ddd5000                      Options.use_adaptive_mutex: 0
2021/07/21-16:54:08.638081 70000ddd5000                            Options.rate_limiter: 0x0
2021/07/21-16:54:08.638083 70000ddd5000     Options.sst_file_manager.rate_bytes_per_sec: 0
2021/07/21-16:54:08.638085 70000ddd5000                       Options.wal_recovery_mode: 2
2021/07/21-16:54:08.638086 70000ddd5000                  Options.enable_thread_tracking: 0
2021/07/21-16:54:08.638088 70000ddd5000                  Options.enable_pipelined_write: 0
2021/07/21-16:54:08.638089 70000ddd5000         Options.allow_concurrent_memtable_write: 1
2021/07/21-16:54:08.638091 70000ddd5000      Options.enable_write_thread_adaptive_yield: 1
2021/07/21-16:54:08.638092 70000ddd5000             Options.write_thread_max_yield_usec: 100
2021/07/21-16:54:08.638093 70000ddd5000            Options.write_thread_slow_yield_usec: 3
2021/07/21-16:54:08.638095 70000ddd5000                               Options.row_cache: None
2021/07/21-16:54:08.638097 70000ddd5000                              Options.wal_filter: None
2021/07/21-16:54:08.638098 70000ddd5000             Options.avoid_flush_during_recovery: 0
2021/07/21-16:54:08.638100 70000ddd5000             Options.allow_ingest_behind: 0
2021/07/21-16:54:08.638101 70000ddd5000             Options.preserve_deletes: 0
2021/07/21-16:54:08.638103 70000ddd5000             Options.two_write_queues: 0
2021/07/21-16:54:08.638104 70000ddd5000             Options.manual_wal_flush: 0
2021/07/21-16:54:08.638106 70000ddd5000             Options.max_background_jobs: 12
2021/07/21-16:54:08.638107 70000ddd5000             Options.max_background_compactions: -1
2021/07/21-16:54:08.638108 70000ddd5000             Options.avoid_flush_during_shutdown: 0
2021/07/21-16:54:08.638110 70000ddd5000           Options.writable_file_max_buffer_size: 1048576
2021/07/21-16:54:08.638111 70000ddd5000             Options.delayed_write_rate : 16777216
2021/07/21-16:54:08.638113 70000ddd5000             Options.max_total_wal_size: 0
2021/07/21-16:54:08.638114 70000ddd5000             Options.delete_obsolete_files_period_micros: 21600000000
2021/07/21-16:54:08.638116 70000ddd5000                   Options.stats_dump_period_sec: 600
2021/07/21-16:54:08.638117 70000ddd5000                          Options.max_open_files: -1
2021/07/21-16:54:08.638119 70000ddd5000                          Options.bytes_per_sync: 0
2021/07/21-16:54:08.638120 70000ddd5000                      Options.wal_bytes_per_sync: 0
2021/07/21-16:54:08.638121 70000ddd5000       Options.compaction_readahead_size: 0
2021/07/21-16:54:08.638122 70000ddd5000 Compression algorithms supported:
2021/07/21-16:54:08.638124 70000ddd5000 	kZSTD supported: 1
2021/07/21-16:54:08.638126 70000ddd5000 	kZlibCompression supported: 1
2021/07/21-16:54:08.638128 70000ddd5000 	kXpressCompression supported: 0
2021/07/21-16:54:08.638129 70000ddd5000 	kSnappyCompression supported: 1
2021/07/21-16:54:08.638131 70000ddd5000 	kZSTDNotFinalCompression supported: 1
2021/07/21-16:54:08.638132 70000ddd5000 	kLZ4HCCompression supported: 1
2021/07/21-16:54:08.638133 70000ddd5000 	kLZ4Compression supported: 1
2021/07/21-16:54:08.638135 70000ddd5000 	kBZip2Compression supported: 1
2021/07/21-16:54:08.638138 70000ddd5000 Fast CRC32 supported: Not supported on x86
2021/07/21-16:54:08.638841 70000ddd5000               Options.comparator: leveldb.BytewiseComparator
2021/07/21-16:54:08.638849 70000ddd5000           Options.merge_operator: None
2021/07/21-16:54:08.638851 70000ddd5000        Options.compaction_filter: None
2021/07/21-16:54:08.638853 70000ddd5000        Options.compaction_filter_factory: None
2021/07/21-16:54:08.638855 70000ddd5000         Options.memtable_factory: SkipListFactory
2021/07/21-16:54:08.638857 70000ddd5000            Options.table_factory: BlockBasedTable
2021/07/21-16:54:08.638919 70000ddd5000            table_factory options:   flush_block_policy_factory: FlushBlockBySizePolicyFactory (0x7fa471706220)
  cache_index_and_filter_blocks: 0
  cache_index_and_filter_blocks_with_high_priority: 0
  pin_l0_filter_and_index_blocks_in_cache: 0
  pin_top_level_index_and_filter: 1
  index_type: 0
  hash_index_allow_collision: 1
  checksum: 1
  no_block_cache: 0
  block_cache: 0x7fa47171c4a8
  block_cache_name: LRUCache
  block_cache_options:
    capacity : 52428800
    num_shard_bits : 6
    strict_capacity_limit : 0
    memory_allocator : None
    high_pri_pool_ratio: 0.000
  block_cache_compressed: 0x0
  persistent_cache: 0x0
  block_size: 4096
  block_size_deviation: 10
  block_restart_interval: 16
  index_block_restart_interval: 1
  metadata_block_size: 4096
  partition_filters: 0
  use_delta_encoding: 1
  filter_policy: rocksdb.BuiltinBloomFilter
  whole_key_filtering: 1
  verify_compression: 0
  read_amp_bytes_per_bit: 0
  format_version: 0
  enable_index_compression: 1
  block_align: 0
2021/07/21-16:54:08.638922 70000ddd5000        Options.write_buffer_size: 16777216
2021/07/21-16:54:08.638924 70000ddd5000  Options.max_write_buffer_number: 3
2021/07/21-16:54:08.638926 70000ddd5000          Options.compression: NoCompression
2021/07/21-16:54:08.638928 70000ddd5000                  Options.bottommost_compression: Disabled
2021/07/21-16:54:08.638930 70000ddd5000       Options.prefix_extractor: nullptr
2021/07/21-16:54:08.638932 70000ddd5000   Options.memtable_insert_with_hint_prefix_extractor: nullptr
2021/07/21-16:54:08.638934 70000ddd5000             Options.num_levels: 7
2021/07/21-16:54:08.638935 70000ddd5000        Options.min_write_buffer_number_to_merge: 1
2021/07/21-16:54:08.638937 70000ddd5000     Options.max_write_buffer_number_to_maintain: 0
2021/07/21-16:54:08.638939 70000ddd5000            Options.bottommost_compression_opts.window_bits: -14
2021/07/21-16:54:08.638941 70000ddd5000                  Options.bottommost_compression_opts.level: 32767
2021/07/21-16:54:08.638943 70000ddd5000               Options.bottommost_compression_opts.strategy: 0
2021/07/21-16:54:08.638945 70000ddd5000         Options.bottommost_compression_opts.max_dict_bytes: 0
2021/07/21-16:54:08.638947 70000ddd5000         Options.bottommost_compression_opts.zstd_max_train_bytes: 0
2021/07/21-16:54:08.638949 70000ddd5000                  Options.bottommost_compression_opts.enabled: false
2021/07/21-16:54:08.638951 70000ddd5000            Options.compression_opts.window_bits: -14
2021/07/21-16:54:08.638953 70000ddd5000                  Options.compression_opts.level: 32767
2021/07/21-16:54:08.638955 70000ddd5000               Options.compression_opts.strategy: 0
2021/07/21-16:54:08.638957 70000ddd5000         Options.compression_opts.max_dict_bytes: 0
2021/07/21-16:54:08.638959 70000ddd5000         Options.compression_opts.zstd_max_train_bytes: 0
2021/07/21-16:54:08.638961 70000ddd5000                  Options.compression_opts.enabled: false
2021/07/21-16:54:08.638963 70000ddd5000      Options.level0_file_num_compaction_trigger: 4
2021/07/21-16:54:08.638964 70000ddd5000          Options.level0_slowdown_writes_trigger: 20
2021/07/21-16:54:08.638966 70000ddd5000              Options.level0_stop_writes_trigger: 36
2021/07/21-16:54:08.638968 70000ddd5000                   Options.target_file_size_base: 67108864
2021/07/21-16:54:08.638970 70000ddd5000             Options.target_file_size_multiplier: 1
2021/07/21-16:54:08.638972 70000ddd5000                Options.max_bytes_for_level_base: 268435456
2021/07/21-16:54:08.638974 70000ddd5000 Options.level_compaction_dynamic_level_bytes: 0
2021/07/21-16:54:08.638976 70000ddd5000          Options.max_bytes_for_level_multiplier: 10.000000
2021/07/21-16:54:08.638978 70000ddd5000 Options.max_bytes_for_level_multiplier_addtl[0]: 1
2021/07/21-16:54:08.638981 70000ddd5000 Options.max_bytes_for_level_multiplier_addtl[1]: 1
2021/07/21-16:54:08.638982 70000ddd5000 Options.max_bytes_for_level_multiplier_addtl[2]: 1
2021/07/21-16:54:08.638984 70000ddd5000 Options.max_bytes_for_level_multiplier_addtl[3]: 1
2021/07/21-16:54:08.639012 70000ddd5000 Options.max_bytes_for_level_multiplier_addtl[4]: 1
2021/07/21-16:54:08.639015 70000ddd5000 Options.max_bytes_for_level_multiplier_addtl[5]: 1
2021/07/21-16:54:08.639017 70000ddd5000 Options.max_bytes_for_level_multiplier_addtl[6]: 1
2021/07/21-16:54:08.639019 70000ddd5000       Options.max_sequential_skip_in_iterations: 8
2021/07/21-16:54:08.639020 70000ddd5000                    Options.max_compaction_bytes: 1677721600
2021/07/21-16:54:08.639022 70000ddd5000                        Options.arena_block_size: 2097152
2021/07/21-16:54:08.639024 70000ddd5000   Options.soft_pending_compaction_bytes_limit: 68719476736
2021/07/21-16:54:08.639026 70000ddd5000   Options.hard_pending_compaction_bytes_limit: 274877906944
2021/07/21-16:54:08.639028 70000ddd5000       Options.rate_limit_delay_max_milliseconds: 100
2021/07/21-16:54:08.639030 70000ddd5000                Options.disable_auto_compactions: 0
2021/07/21-16:54:08.639032 70000ddd5000                        Options.compaction_style: kCompactionStyleUniversal
2021/07/21-16:54:08.639034 70000ddd5000                          Options.compaction_pri: kByCompensatedSize
2021/07/21-16:54:08.639036 70000ddd5000 Options.compaction_options_universal.size_ratio: 1
2021/07/21-16:54:08.639038 70000ddd5000 Options.compaction_options_universal.min_merge_width: 2
2021/07/21-16:54:08.639040 70000ddd5000 Options.compaction_options_universal.max_merge_width: 4294967295
2021/07/21-16:54:08.639042 70000ddd5000 Options.compaction_options_universal.max_size_amplification_percent: 200
2021/07/21-16:54:08.639044 70000ddd5000 Options.compaction_options_universal.compression_size_percent: -1
2021/07/21-16:54:08.639046 70000ddd5000 Options.compaction_options_universal.stop_style: kCompactionStopStyleTotalSize
2021/07/21-16:54:08.639048 70000ddd5000 Options.compaction_options_fifo.max_table_files_size: 1073741824
2021/07/21-16:54:08.639050 70000ddd5000 Options.compaction_options_fifo.allow_compaction: 0
2021/07/21-16:54:08.639052 70000ddd5000 Options.compaction_options_fifo.ttl: 0
2021/07/21-16:54:08.639054 70000ddd5000                   Options.table_properties_collectors: 
2021/07/21-16:54:08.639056 70000ddd5000                   Options.inplace_update_support: 0
2021/07/21-16:54:08.639058 70000ddd5000                 Options.inplace_update_num_locks: 10000
2021/07/21-16:54:08.639060 70000ddd5000               Options.memtable_prefix_bloom_size_ratio: 0.000000
2021/07/21-16:54:08.639062 70000ddd5000   Options.memtable_huge_page_size: 0
2021/07/21-16:54:08.639064 70000ddd5000                           Options.bloom_locality: 0
2021/07/21-16:54:08.639068 70000ddd5000                    Options.max_successive_merges: 0
2021/07/21-16:54:08.639070 70000ddd5000                Options.optimize_filters_for_hits: 0
2021/07/21-16:54:08.639071 70000ddd5000                Options.paranoid_file_checks: 0
2021/07/21-16:54:08.639073 70000ddd5000                Options.force_consistency_checks: 0
2021/07/21-16:54:08.639075 70000ddd5000                Options.report_bg_io_stats: 0
2021/07/21-16:54:08.639077 70000ddd5000                               Options.ttl: 0
