2021/07/21-16:54:08.165935 70000ddd5000 RocksDB version: 5.18.3
2021/07/21-16:54:08.166005 70000ddd5000 Git sha rocksdb_build_git_sha:641fae60f63619ed5d0c9d9e4c4ea5a0ffa3e253
2021/07/21-16:54:08.166010 70000ddd5000 Compile date Apr 20 2019
2021/07/21-16:54:08.166012 70000ddd5000 DB SUMMARY
2021/07/21-16:54:08.166150 70000ddd5000 CURRENT file:  CURRENT
2021/07/21-16:54:08.166153 70000ddd5000 IDENTITY file:  IDENTITY
2021/07/21-16:54:08.166174 70000ddd5000 MANIFEST file:  MANIFEST-003464 size: 601 Bytes
2021/07/21-16:54:08.166178 70000ddd5000 SST files in /Users/kakao/Desktop/kstreams-java/Kstreams.JavaObject/tmp/state/WinClickMapping/0_2/KSTREAM-JOINOTHER-0000000005-store/KSTREAM-JOINOTHER-0000000005-store.1626782400000 dir, Total Num: 4, files: 001837.sst 002879.sst 003383.sst 003462.sst 
2021/07/21-16:54:08.166181 70000ddd5000 Write Ahead Log file in /Users/kakao/Desktop/kstreams-java/Kstreams.JavaObject/tmp/state/WinClickMapping/0_2/KSTREAM-JOINOTHER-0000000005-store/KSTREAM-JOINOTHER-0000000005-store.1626782400000: 003465.log size: 0 ; 
2021/07/21-16:54:08.166185 70000ddd5000                         Options.error_if_exists: 0
2021/07/21-16:54:08.166187 70000ddd5000                       Options.create_if_missing: 1
2021/07/21-16:54:08.166189 70000ddd5000                         Options.paranoid_checks: 1
2021/07/21-16:54:08.166191 70000ddd5000                                     Options.env: 0x117f6ee08
2021/07/21-16:54:08.166193 70000ddd5000                                Options.info_log: 0x7fa400439d70
2021/07/21-16:54:08.166195 70000ddd5000                Options.max_file_opening_threads: 16
2021/07/21-16:54:08.166197 70000ddd5000                              Options.statistics: 0x0
2021/07/21-16:54:08.166198 70000ddd5000                               Options.use_fsync: 0
2021/07/21-16:54:08.166200 70000ddd5000                       Options.max_log_file_size: 0
2021/07/21-16:54:08.166202 70000ddd5000                  Options.max_manifest_file_size: 1073741824
2021/07/21-16:54:08.166204 70000ddd5000                   Options.log_file_time_to_roll: 0
2021/07/21-16:54:08.166206 70000ddd5000                       Options.keep_log_file_num: 1000
2021/07/21-16:54:08.166208 70000ddd5000                    Options.recycle_log_file_num: 0
2021/07/21-16:54:08.166209 70000ddd5000                         Options.allow_fallocate: 1
2021/07/21-16:54:08.166211 70000ddd5000                        Options.allow_mmap_reads: 0
2021/07/21-16:54:08.166213 70000ddd5000                       Options.allow_mmap_writes: 0
2021/07/21-16:54:08.166214 70000ddd5000                        Options.use_direct_reads: 0
2021/07/21-16:54:08.166216 70000ddd5000                        Options.use_direct_io_for_flush_and_compaction: 0
2021/07/21-16:54:08.166217 70000ddd5000          Options.create_missing_column_families: 0
2021/07/21-16:54:08.166219 70000ddd5000                              Options.db_log_dir: 
2021/07/21-16:54:08.166221 70000ddd5000                                 Options.wal_dir: /Users/kakao/Desktop/kstreams-java/Kstreams.JavaObject/tmp/state/WinClickMapping/0_2/KSTREAM-JOINOTHER-0000000005-store/KSTREAM-JOINOTHER-0000000005-store.1626782400000
2021/07/21-16:54:08.166223 70000ddd5000                Options.table_cache_numshardbits: 6
2021/07/21-16:54:08.166224 70000ddd5000                      Options.max_subcompactions: 1
2021/07/21-16:54:08.166226 70000ddd5000                  Options.max_background_flushes: -1
2021/07/21-16:54:08.166228 70000ddd5000                         Options.WAL_ttl_seconds: 0
2021/07/21-16:54:08.166230 70000ddd5000                       Options.WAL_size_limit_MB: 0
2021/07/21-16:54:08.166231 70000ddd5000             Options.manifest_preallocation_size: 4194304
2021/07/21-16:54:08.166233 70000ddd5000                     Options.is_fd_close_on_exec: 1
2021/07/21-16:54:08.166235 70000ddd5000                   Options.advise_random_on_open: 1
2021/07/21-16:54:08.166237 70000ddd5000                    Options.db_write_buffer_size: 0
2021/07/21-16:54:08.166238 70000ddd5000                    Options.write_buffer_manager: 0x7fa470619c40
2021/07/21-16:54:08.166240 70000ddd5000         Options.access_hint_on_compaction_start: 1
2021/07/21-16:54:08.166289 70000ddd5000  Options.new_table_reader_for_compaction_inputs: 0
2021/07/21-16:54:08.166292 70000ddd5000           Options.random_access_max_buffer_size: 1048576
2021/07/21-16:54:08.166293 70000ddd5000                      Options.use_adaptive_mutex: 0
2021/07/21-16:54:08.166295 70000ddd5000                            Options.rate_limiter: 0x0
2021/07/21-16:54:08.166297 70000ddd5000     Options.sst_file_manager.rate_bytes_per_sec: 0
2021/07/21-16:54:08.166299 70000ddd5000                       Options.wal_recovery_mode: 2
2021/07/21-16:54:08.166301 70000ddd5000                  Options.enable_thread_tracking: 0
2021/07/21-16:54:08.166303 70000ddd5000                  Options.enable_pipelined_write: 0
2021/07/21-16:54:08.166304 70000ddd5000         Options.allow_concurrent_memtable_write: 1
2021/07/21-16:54:08.166306 70000ddd5000      Options.enable_write_thread_adaptive_yield: 1
2021/07/21-16:54:08.166308 70000ddd5000             Options.write_thread_max_yield_usec: 100
2021/07/21-16:54:08.166310 70000ddd5000            Options.write_thread_slow_yield_usec: 3
2021/07/21-16:54:08.166312 70000ddd5000                               Options.row_cache: None
2021/07/21-16:54:08.166313 70000ddd5000                              Options.wal_filter: None
2021/07/21-16:54:08.166315 70000ddd5000             Options.avoid_flush_during_recovery: 0
2021/07/21-16:54:08.166317 70000ddd5000             Options.allow_ingest_behind: 0
2021/07/21-16:54:08.166319 70000ddd5000             Options.preserve_deletes: 0
2021/07/21-16:54:08.166321 70000ddd5000             Options.two_write_queues: 0
2021/07/21-16:54:08.166322 70000ddd5000             Options.manual_wal_flush: 0
2021/07/21-16:54:08.166324 70000ddd5000             Options.max_background_jobs: 12
2021/07/21-16:54:08.166326 70000ddd5000             Options.max_background_compactions: -1
2021/07/21-16:54:08.166328 70000ddd5000             Options.avoid_flush_during_shutdown: 0
2021/07/21-16:54:08.166329 70000ddd5000           Options.writable_file_max_buffer_size: 1048576
2021/07/21-16:54:08.166331 70000ddd5000             Options.delayed_write_rate : 16777216
2021/07/21-16:54:08.166333 70000ddd5000             Options.max_total_wal_size: 0
2021/07/21-16:54:08.166335 70000ddd5000             Options.delete_obsolete_files_period_micros: 21600000000
2021/07/21-16:54:08.166337 70000ddd5000                   Options.stats_dump_period_sec: 600
2021/07/21-16:54:08.166339 70000ddd5000                          Options.max_open_files: -1
2021/07/21-16:54:08.166340 70000ddd5000                          Options.bytes_per_sync: 0
2021/07/21-16:54:08.166342 70000ddd5000                      Options.wal_bytes_per_sync: 0
2021/07/21-16:54:08.166344 70000ddd5000       Options.compaction_readahead_size: 0
2021/07/21-16:54:08.166346 70000ddd5000 Compression algorithms supported:
2021/07/21-16:54:08.166348 70000ddd5000 	kZSTD supported: 1
2021/07/21-16:54:08.166350 70000ddd5000 	kZlibCompression supported: 1
2021/07/21-16:54:08.166352 70000ddd5000 	kXpressCompression supported: 0
2021/07/21-16:54:08.166354 70000ddd5000 	kSnappyCompression supported: 1
2021/07/21-16:54:08.166356 70000ddd5000 	kZSTDNotFinalCompression supported: 1
2021/07/21-16:54:08.166357 70000ddd5000 	kLZ4HCCompression supported: 1
2021/07/21-16:54:08.166359 70000ddd5000 	kLZ4Compression supported: 1
2021/07/21-16:54:08.166360 70000ddd5000 	kBZip2Compression supported: 1
2021/07/21-16:54:08.166363 70000ddd5000 Fast CRC32 supported: Not supported on x86
2021/07/21-16:54:08.167118 70000ddd5000               Options.comparator: leveldb.BytewiseComparator
2021/07/21-16:54:08.167126 70000ddd5000           Options.merge_operator: None
2021/07/21-16:54:08.167128 70000ddd5000        Options.compaction_filter: None
2021/07/21-16:54:08.167130 70000ddd5000        Options.compaction_filter_factory: None
2021/07/21-16:54:08.167131 70000ddd5000         Options.memtable_factory: SkipListFactory
2021/07/21-16:54:08.167133 70000ddd5000            Options.table_factory: BlockBasedTable
2021/07/21-16:54:08.167199 70000ddd5000            table_factory options:   flush_block_policy_factory: FlushBlockBySizePolicyFactory (0x7fa47139eee0)
  cache_index_and_filter_blocks: 0
  cache_index_and_filter_blocks_with_high_priority: 0
  pin_l0_filter_and_index_blocks_in_cache: 0
  pin_top_level_index_and_filter: 1
  index_type: 0
  hash_index_allow_collision: 1
  checksum: 1
  no_block_cache: 0
  block_cache: 0x7fa4713f9cf8
  block_cache_name: LRUCache
  block_cache_options:
    capacity : 52428800
    num_shard_bits : 6
    strict_capacity_limit : 0
    memory_allocator : None
    high_pri_pool_ratio: 0.000
  block_cache_compressed: 0x0
  persistent_cache: 0x0
  block_size: 4096
  block_size_deviation: 10
  block_restart_interval: 16
  index_block_restart_interval: 1
  metadata_block_size: 4096
  partition_filters: 0
  use_delta_encoding: 1
  filter_policy: rocksdb.BuiltinBloomFilter
  whole_key_filtering: 1
  verify_compression: 0
  read_amp_bytes_per_bit: 0
  format_version: 0
  enable_index_compression: 1
  block_align: 0
2021/07/21-16:54:08.167202 70000ddd5000        Options.write_buffer_size: 16777216
2021/07/21-16:54:08.167204 70000ddd5000  Options.max_write_buffer_number: 3
2021/07/21-16:54:08.167206 70000ddd5000          Options.compression: NoCompression
2021/07/21-16:54:08.167208 70000ddd5000                  Options.bottommost_compression: Disabled
2021/07/21-16:54:08.167210 70000ddd5000       Options.prefix_extractor: nullptr
2021/07/21-16:54:08.167212 70000ddd5000   Options.memtable_insert_with_hint_prefix_extractor: nullptr
2021/07/21-16:54:08.167214 70000ddd5000             Options.num_levels: 7
2021/07/21-16:54:08.167216 70000ddd5000        Options.min_write_buffer_number_to_merge: 1
2021/07/21-16:54:08.167218 70000ddd5000     Options.max_write_buffer_number_to_maintain: 0
2021/07/21-16:54:08.167219 70000ddd5000            Options.bottommost_compression_opts.window_bits: -14
2021/07/21-16:54:08.167221 70000ddd5000                  Options.bottommost_compression_opts.level: 32767
2021/07/21-16:54:08.167222 70000ddd5000               Options.bottommost_compression_opts.strategy: 0
2021/07/21-16:54:08.167224 70000ddd5000         Options.bottommost_compression_opts.max_dict_bytes: 0
2021/07/21-16:54:08.167226 70000ddd5000         Options.bottommost_compression_opts.zstd_max_train_bytes: 0
2021/07/21-16:54:08.167227 70000ddd5000                  Options.bottommost_compression_opts.enabled: false
2021/07/21-16:54:08.167229 70000ddd5000            Options.compression_opts.window_bits: -14
2021/07/21-16:54:08.167231 70000ddd5000                  Options.compression_opts.level: 32767
2021/07/21-16:54:08.167233 70000ddd5000               Options.compression_opts.strategy: 0
2021/07/21-16:54:08.167235 70000ddd5000         Options.compression_opts.max_dict_bytes: 0
2021/07/21-16:54:08.167237 70000ddd5000         Options.compression_opts.zstd_max_train_bytes: 0
2021/07/21-16:54:08.167239 70000ddd5000                  Options.compression_opts.enabled: false
2021/07/21-16:54:08.167241 70000ddd5000      Options.level0_file_num_compaction_trigger: 4
2021/07/21-16:54:08.167242 70000ddd5000          Options.level0_slowdown_writes_trigger: 20
2021/07/21-16:54:08.167244 70000ddd5000              Options.level0_stop_writes_trigger: 36
2021/07/21-16:54:08.167246 70000ddd5000                   Options.target_file_size_base: 67108864
2021/07/21-16:54:08.167248 70000ddd5000             Options.target_file_size_multiplier: 1
2021/07/21-16:54:08.167250 70000ddd5000                Options.max_bytes_for_level_base: 268435456
2021/07/21-16:54:08.167252 70000ddd5000 Options.level_compaction_dynamic_level_bytes: 0
2021/07/21-16:54:08.167254 70000ddd5000          Options.max_bytes_for_level_multiplier: 10.000000
2021/07/21-16:54:08.167256 70000ddd5000 Options.max_bytes_for_level_multiplier_addtl[0]: 1
2021/07/21-16:54:08.167259 70000ddd5000 Options.max_bytes_for_level_multiplier_addtl[1]: 1
2021/07/21-16:54:08.167260 70000ddd5000 Options.max_bytes_for_level_multiplier_addtl[2]: 1
2021/07/21-16:54:08.167262 70000ddd5000 Options.max_bytes_for_level_multiplier_addtl[3]: 1
2021/07/21-16:54:08.167292 70000ddd5000 Options.max_bytes_for_level_multiplier_addtl[4]: 1
2021/07/21-16:54:08.167294 70000ddd5000 Options.max_bytes_for_level_multiplier_addtl[5]: 1
2021/07/21-16:54:08.167296 70000ddd5000 Options.max_bytes_for_level_multiplier_addtl[6]: 1
2021/07/21-16:54:08.167298 70000ddd5000       Options.max_sequential_skip_in_iterations: 8
2021/07/21-16:54:08.167300 70000ddd5000                    Options.max_compaction_bytes: 1677721600
2021/07/21-16:54:08.167302 70000ddd5000                        Options.arena_block_size: 2097152
2021/07/21-16:54:08.167303 70000ddd5000   Options.soft_pending_compaction_bytes_limit: 68719476736
2021/07/21-16:54:08.167305 70000ddd5000   Options.hard_pending_compaction_bytes_limit: 274877906944
2021/07/21-16:54:08.167307 70000ddd5000       Options.rate_limit_delay_max_milliseconds: 100
2021/07/21-16:54:08.167309 70000ddd5000                Options.disable_auto_compactions: 0
2021/07/21-16:54:08.167312 70000ddd5000                        Options.compaction_style: kCompactionStyleUniversal
2021/07/21-16:54:08.167314 70000ddd5000                          Options.compaction_pri: kByCompensatedSize
2021/07/21-16:54:08.167316 70000ddd5000 Options.compaction_options_universal.size_ratio: 1
2021/07/21-16:54:08.167318 70000ddd5000 Options.compaction_options_universal.min_merge_width: 2
2021/07/21-16:54:08.167320 70000ddd5000 Options.compaction_options_universal.max_merge_width: 4294967295
2021/07/21-16:54:08.167322 70000ddd5000 Options.compaction_options_universal.max_size_amplification_percent: 200
2021/07/21-16:54:08.167324 70000ddd5000 Options.compaction_options_universal.compression_size_percent: -1
2021/07/21-16:54:08.167326 70000ddd5000 Options.compaction_options_universal.stop_style: kCompactionStopStyleTotalSize
2021/07/21-16:54:08.167328 70000ddd5000 Options.compaction_options_fifo.max_table_files_size: 1073741824
2021/07/21-16:54:08.167330 70000ddd5000 Options.compaction_options_fifo.allow_compaction: 0
2021/07/21-16:54:08.167332 70000ddd5000 Options.compaction_options_fifo.ttl: 0
2021/07/21-16:54:08.167334 70000ddd5000                   Options.table_properties_collectors: 
2021/07/21-16:54:08.167336 70000ddd5000                   Options.inplace_update_support: 0
2021/07/21-16:54:08.167337 70000ddd5000                 Options.inplace_update_num_locks: 10000
2021/07/21-16:54:08.167339 70000ddd5000               Options.memtable_prefix_bloom_size_ratio: 0.000000
2021/07/21-16:54:08.167341 70000ddd5000   Options.memtable_huge_page_size: 0
2021/07/21-16:54:08.167343 70000ddd5000                           Options.bloom_locality: 0
2021/07/21-16:54:08.167345 70000ddd5000                    Options.max_successive_merges: 0
2021/07/21-16:54:08.167347 70000ddd5000                Options.optimize_filters_for_hits: 0
2021/07/21-16:54:08.167349 70000ddd5000                Options.paranoid_file_checks: 0
2021/07/21-16:54:08.167350 70000ddd5000                Options.force_consistency_checks: 0
2021/07/21-16:54:08.167352 70000ddd5000                Options.report_bg_io_stats: 0
2021/07/21-16:54:08.167354 70000ddd5000                               Options.ttl: 0
