2021/07/21-16:54:08.210798 70000ddd5000 RocksDB version: 5.18.3
2021/07/21-16:54:08.210964 70000ddd5000 Git sha rocksdb_build_git_sha:641fae60f63619ed5d0c9d9e4c4ea5a0ffa3e253
2021/07/21-16:54:08.210971 70000ddd5000 Compile date Apr 20 2019
2021/07/21-16:54:08.210974 70000ddd5000 DB SUMMARY
2021/07/21-16:54:08.211210 70000ddd5000 CURRENT file:  CURRENT
2021/07/21-16:54:08.211216 70000ddd5000 IDENTITY file:  IDENTITY
2021/07/21-16:54:08.211249 70000ddd5000 MANIFEST file:  MANIFEST-165095 size: 618 Bytes
2021/07/21-16:54:08.211254 70000ddd5000 SST files in /Users/kakao/Desktop/kstreams-java/Kstreams.JavaObject/tmp/state/WinClickMapping/0_3/KSTREAM-JOINTHIS-0000000004-store/KSTREAM-JOINTHIS-0000000004-store.1626782400000 dir, Total Num: 4, files: 156688.sst 162336.sst 163776.sst 165093.sst 
2021/07/21-16:54:08.211257 70000ddd5000 Write Ahead Log file in /Users/kakao/Desktop/kstreams-java/Kstreams.JavaObject/tmp/state/WinClickMapping/0_3/KSTREAM-JOINTHIS-0000000004-store/KSTREAM-JOINTHIS-0000000004-store.1626782400000: 165096.log size: 0 ; 
2021/07/21-16:54:08.211262 70000ddd5000                         Options.error_if_exists: 0
2021/07/21-16:54:08.211264 70000ddd5000                       Options.create_if_missing: 1
2021/07/21-16:54:08.211266 70000ddd5000                         Options.paranoid_checks: 1
2021/07/21-16:54:08.211268 70000ddd5000                                     Options.env: 0x117f6ee08
2021/07/21-16:54:08.211271 70000ddd5000                                Options.info_log: 0x7fa471213300
2021/07/21-16:54:08.211272 70000ddd5000                Options.max_file_opening_threads: 16
2021/07/21-16:54:08.211275 70000ddd5000                              Options.statistics: 0x0
2021/07/21-16:54:08.211277 70000ddd5000                               Options.use_fsync: 0
2021/07/21-16:54:08.211278 70000ddd5000                       Options.max_log_file_size: 0
2021/07/21-16:54:08.211281 70000ddd5000                  Options.max_manifest_file_size: 1073741824
2021/07/21-16:54:08.211283 70000ddd5000                   Options.log_file_time_to_roll: 0
2021/07/21-16:54:08.211285 70000ddd5000                       Options.keep_log_file_num: 1000
2021/07/21-16:54:08.211287 70000ddd5000                    Options.recycle_log_file_num: 0
2021/07/21-16:54:08.211289 70000ddd5000                         Options.allow_fallocate: 1
2021/07/21-16:54:08.211290 70000ddd5000                        Options.allow_mmap_reads: 0
2021/07/21-16:54:08.211292 70000ddd5000                       Options.allow_mmap_writes: 0
2021/07/21-16:54:08.211294 70000ddd5000                        Options.use_direct_reads: 0
2021/07/21-16:54:08.211296 70000ddd5000                        Options.use_direct_io_for_flush_and_compaction: 0
2021/07/21-16:54:08.211299 70000ddd5000          Options.create_missing_column_families: 0
2021/07/21-16:54:08.211301 70000ddd5000                              Options.db_log_dir: 
2021/07/21-16:54:08.211303 70000ddd5000                                 Options.wal_dir: /Users/kakao/Desktop/kstreams-java/Kstreams.JavaObject/tmp/state/WinClickMapping/0_3/KSTREAM-JOINTHIS-0000000004-store/KSTREAM-JOINTHIS-0000000004-store.1626782400000
2021/07/21-16:54:08.211305 70000ddd5000                Options.table_cache_numshardbits: 6
2021/07/21-16:54:08.211307 70000ddd5000                      Options.max_subcompactions: 1
2021/07/21-16:54:08.211309 70000ddd5000                  Options.max_background_flushes: -1
2021/07/21-16:54:08.211311 70000ddd5000                         Options.WAL_ttl_seconds: 0
2021/07/21-16:54:08.211313 70000ddd5000                       Options.WAL_size_limit_MB: 0
2021/07/21-16:54:08.211315 70000ddd5000             Options.manifest_preallocation_size: 4194304
2021/07/21-16:54:08.211317 70000ddd5000                     Options.is_fd_close_on_exec: 1
2021/07/21-16:54:08.211319 70000ddd5000                   Options.advise_random_on_open: 1
2021/07/21-16:54:08.211320 70000ddd5000                    Options.db_write_buffer_size: 0
2021/07/21-16:54:08.211322 70000ddd5000                    Options.write_buffer_manager: 0x7fa471213bb0
2021/07/21-16:54:08.211323 70000ddd5000         Options.access_hint_on_compaction_start: 1
2021/07/21-16:54:08.211413 70000ddd5000  Options.new_table_reader_for_compaction_inputs: 0
2021/07/21-16:54:08.211416 70000ddd5000           Options.random_access_max_buffer_size: 1048576
2021/07/21-16:54:08.211417 70000ddd5000                      Options.use_adaptive_mutex: 0
2021/07/21-16:54:08.211419 70000ddd5000                            Options.rate_limiter: 0x0
2021/07/21-16:54:08.211422 70000ddd5000     Options.sst_file_manager.rate_bytes_per_sec: 0
2021/07/21-16:54:08.211423 70000ddd5000                       Options.wal_recovery_mode: 2
2021/07/21-16:54:08.211425 70000ddd5000                  Options.enable_thread_tracking: 0
2021/07/21-16:54:08.211426 70000ddd5000                  Options.enable_pipelined_write: 0
2021/07/21-16:54:08.211428 70000ddd5000         Options.allow_concurrent_memtable_write: 1
2021/07/21-16:54:08.211429 70000ddd5000      Options.enable_write_thread_adaptive_yield: 1
2021/07/21-16:54:08.211430 70000ddd5000             Options.write_thread_max_yield_usec: 100
2021/07/21-16:54:08.211432 70000ddd5000            Options.write_thread_slow_yield_usec: 3
2021/07/21-16:54:08.211434 70000ddd5000                               Options.row_cache: None
2021/07/21-16:54:08.211435 70000ddd5000                              Options.wal_filter: None
2021/07/21-16:54:08.211437 70000ddd5000             Options.avoid_flush_during_recovery: 0
2021/07/21-16:54:08.211439 70000ddd5000             Options.allow_ingest_behind: 0
2021/07/21-16:54:08.211440 70000ddd5000             Options.preserve_deletes: 0
2021/07/21-16:54:08.211442 70000ddd5000             Options.two_write_queues: 0
2021/07/21-16:54:08.211443 70000ddd5000             Options.manual_wal_flush: 0
2021/07/21-16:54:08.211445 70000ddd5000             Options.max_background_jobs: 12
2021/07/21-16:54:08.211447 70000ddd5000             Options.max_background_compactions: -1
2021/07/21-16:54:08.211448 70000ddd5000             Options.avoid_flush_during_shutdown: 0
2021/07/21-16:54:08.211450 70000ddd5000           Options.writable_file_max_buffer_size: 1048576
2021/07/21-16:54:08.211451 70000ddd5000             Options.delayed_write_rate : 16777216
2021/07/21-16:54:08.211453 70000ddd5000             Options.max_total_wal_size: 0
2021/07/21-16:54:08.211455 70000ddd5000             Options.delete_obsolete_files_period_micros: 21600000000
2021/07/21-16:54:08.211456 70000ddd5000                   Options.stats_dump_period_sec: 600
2021/07/21-16:54:08.211458 70000ddd5000                          Options.max_open_files: -1
2021/07/21-16:54:08.211459 70000ddd5000                          Options.bytes_per_sync: 0
2021/07/21-16:54:08.211460 70000ddd5000                      Options.wal_bytes_per_sync: 0
2021/07/21-16:54:08.211462 70000ddd5000       Options.compaction_readahead_size: 0
2021/07/21-16:54:08.211463 70000ddd5000 Compression algorithms supported:
2021/07/21-16:54:08.211481 70000ddd5000 	kZSTD supported: 1
2021/07/21-16:54:08.211489 70000ddd5000 	kZlibCompression supported: 1
2021/07/21-16:54:08.211491 70000ddd5000 	kXpressCompression supported: 0
2021/07/21-16:54:08.211493 70000ddd5000 	kSnappyCompression supported: 1
2021/07/21-16:54:08.211495 70000ddd5000 	kZSTDNotFinalCompression supported: 1
2021/07/21-16:54:08.211496 70000ddd5000 	kLZ4HCCompression supported: 1
2021/07/21-16:54:08.211498 70000ddd5000 	kLZ4Compression supported: 1
2021/07/21-16:54:08.211500 70000ddd5000 	kBZip2Compression supported: 1
2021/07/21-16:54:08.211519 70000ddd5000 Fast CRC32 supported: Not supported on x86
2021/07/21-16:54:08.212613 70000ddd5000               Options.comparator: leveldb.BytewiseComparator
2021/07/21-16:54:08.212693 70000ddd5000           Options.merge_operator: None
2021/07/21-16:54:08.212697 70000ddd5000        Options.compaction_filter: None
2021/07/21-16:54:08.212699 70000ddd5000        Options.compaction_filter_factory: None
2021/07/21-16:54:08.212701 70000ddd5000         Options.memtable_factory: SkipListFactory
2021/07/21-16:54:08.212703 70000ddd5000            Options.table_factory: BlockBasedTable
2021/07/21-16:54:08.212855 70000ddd5000            table_factory options:   flush_block_policy_factory: FlushBlockBySizePolicyFactory (0x7fa471213990)
  cache_index_and_filter_blocks: 0
  cache_index_and_filter_blocks_with_high_priority: 0
  pin_l0_filter_and_index_blocks_in_cache: 0
  pin_top_level_index_and_filter: 1
  index_type: 0
  hash_index_allow_collision: 1
  checksum: 1
  no_block_cache: 0
  block_cache: 0x7fa47121b598
  block_cache_name: LRUCache
  block_cache_options:
    capacity : 52428800
    num_shard_bits : 6
    strict_capacity_limit : 0
    memory_allocator : None
    high_pri_pool_ratio: 0.000
  block_cache_compressed: 0x0
  persistent_cache: 0x0
  block_size: 4096
  block_size_deviation: 10
  block_restart_interval: 16
  index_block_restart_interval: 1
  metadata_block_size: 4096
  partition_filters: 0
  use_delta_encoding: 1
  filter_policy: rocksdb.BuiltinBloomFilter
  whole_key_filtering: 1
  verify_compression: 0
  read_amp_bytes_per_bit: 0
  format_version: 0
  enable_index_compression: 1
  block_align: 0
2021/07/21-16:54:08.212860 70000ddd5000        Options.write_buffer_size: 16777216
2021/07/21-16:54:08.212862 70000ddd5000  Options.max_write_buffer_number: 3
2021/07/21-16:54:08.212864 70000ddd5000          Options.compression: NoCompression
2021/07/21-16:54:08.212866 70000ddd5000                  Options.bottommost_compression: Disabled
2021/07/21-16:54:08.212867 70000ddd5000       Options.prefix_extractor: nullptr
2021/07/21-16:54:08.212869 70000ddd5000   Options.memtable_insert_with_hint_prefix_extractor: nullptr
2021/07/21-16:54:08.212871 70000ddd5000             Options.num_levels: 7
2021/07/21-16:54:08.212872 70000ddd5000        Options.min_write_buffer_number_to_merge: 1
2021/07/21-16:54:08.212874 70000ddd5000     Options.max_write_buffer_number_to_maintain: 0
2021/07/21-16:54:08.212875 70000ddd5000            Options.bottommost_compression_opts.window_bits: -14
2021/07/21-16:54:08.212877 70000ddd5000                  Options.bottommost_compression_opts.level: 32767
2021/07/21-16:54:08.212879 70000ddd5000               Options.bottommost_compression_opts.strategy: 0
2021/07/21-16:54:08.212880 70000ddd5000         Options.bottommost_compression_opts.max_dict_bytes: 0
2021/07/21-16:54:08.212882 70000ddd5000         Options.bottommost_compression_opts.zstd_max_train_bytes: 0
2021/07/21-16:54:08.212884 70000ddd5000                  Options.bottommost_compression_opts.enabled: false
2021/07/21-16:54:08.212885 70000ddd5000            Options.compression_opts.window_bits: -14
2021/07/21-16:54:08.212887 70000ddd5000                  Options.compression_opts.level: 32767
2021/07/21-16:54:08.212889 70000ddd5000               Options.compression_opts.strategy: 0
2021/07/21-16:54:08.212890 70000ddd5000         Options.compression_opts.max_dict_bytes: 0
2021/07/21-16:54:08.212891 70000ddd5000         Options.compression_opts.zstd_max_train_bytes: 0
2021/07/21-16:54:08.212893 70000ddd5000                  Options.compression_opts.enabled: false
2021/07/21-16:54:08.212895 70000ddd5000      Options.level0_file_num_compaction_trigger: 4
2021/07/21-16:54:08.212896 70000ddd5000          Options.level0_slowdown_writes_trigger: 20
2021/07/21-16:54:08.212898 70000ddd5000              Options.level0_stop_writes_trigger: 36
2021/07/21-16:54:08.212899 70000ddd5000                   Options.target_file_size_base: 67108864
2021/07/21-16:54:08.212901 70000ddd5000             Options.target_file_size_multiplier: 1
2021/07/21-16:54:08.212902 70000ddd5000                Options.max_bytes_for_level_base: 268435456
2021/07/21-16:54:08.212904 70000ddd5000 Options.level_compaction_dynamic_level_bytes: 0
2021/07/21-16:54:08.212905 70000ddd5000          Options.max_bytes_for_level_multiplier: 10.000000
2021/07/21-16:54:08.212910 70000ddd5000 Options.max_bytes_for_level_multiplier_addtl[0]: 1
2021/07/21-16:54:08.212912 70000ddd5000 Options.max_bytes_for_level_multiplier_addtl[1]: 1
2021/07/21-16:54:08.212913 70000ddd5000 Options.max_bytes_for_level_multiplier_addtl[2]: 1
2021/07/21-16:54:08.212915 70000ddd5000 Options.max_bytes_for_level_multiplier_addtl[3]: 1
2021/07/21-16:54:08.212958 70000ddd5000 Options.max_bytes_for_level_multiplier_addtl[4]: 1
2021/07/21-16:54:08.212962 70000ddd5000 Options.max_bytes_for_level_multiplier_addtl[5]: 1
2021/07/21-16:54:08.212963 70000ddd5000 Options.max_bytes_for_level_multiplier_addtl[6]: 1
2021/07/21-16:54:08.212965 70000ddd5000       Options.max_sequential_skip_in_iterations: 8
2021/07/21-16:54:08.212966 70000ddd5000                    Options.max_compaction_bytes: 1677721600
2021/07/21-16:54:08.212968 70000ddd5000                        Options.arena_block_size: 2097152
2021/07/21-16:54:08.212969 70000ddd5000   Options.soft_pending_compaction_bytes_limit: 68719476736
2021/07/21-16:54:08.212971 70000ddd5000   Options.hard_pending_compaction_bytes_limit: 274877906944
2021/07/21-16:54:08.212972 70000ddd5000       Options.rate_limit_delay_max_milliseconds: 100
2021/07/21-16:54:08.212974 70000ddd5000                Options.disable_auto_compactions: 0
2021/07/21-16:54:08.212978 70000ddd5000                        Options.compaction_style: kCompactionStyleUniversal
2021/07/21-16:54:08.212980 70000ddd5000                          Options.compaction_pri: kByCompensatedSize
2021/07/21-16:54:08.212982 70000ddd5000 Options.compaction_options_universal.size_ratio: 1
2021/07/21-16:54:08.212983 70000ddd5000 Options.compaction_options_universal.min_merge_width: 2
2021/07/21-16:54:08.212985 70000ddd5000 Options.compaction_options_universal.max_merge_width: 4294967295
2021/07/21-16:54:08.212986 70000ddd5000 Options.compaction_options_universal.max_size_amplification_percent: 200
2021/07/21-16:54:08.212988 70000ddd5000 Options.compaction_options_universal.compression_size_percent: -1
2021/07/21-16:54:08.212990 70000ddd5000 Options.compaction_options_universal.stop_style: kCompactionStopStyleTotalSize
2021/07/21-16:54:08.212992 70000ddd5000 Options.compaction_options_fifo.max_table_files_size: 1073741824
2021/07/21-16:54:08.212993 70000ddd5000 Options.compaction_options_fifo.allow_compaction: 0
2021/07/21-16:54:08.212995 70000ddd5000 Options.compaction_options_fifo.ttl: 0
2021/07/21-16:54:08.212997 70000ddd5000                   Options.table_properties_collectors: 
2021/07/21-16:54:08.212998 70000ddd5000                   Options.inplace_update_support: 0
2021/07/21-16:54:08.213000 70000ddd5000                 Options.inplace_update_num_locks: 10000
2021/07/21-16:54:08.213002 70000ddd5000               Options.memtable_prefix_bloom_size_ratio: 0.000000
2021/07/21-16:54:08.213004 70000ddd5000   Options.memtable_huge_page_size: 0
2021/07/21-16:54:08.213006 70000ddd5000                           Options.bloom_locality: 0
2021/07/21-16:54:08.213007 70000ddd5000                    Options.max_successive_merges: 0
2021/07/21-16:54:08.213009 70000ddd5000                Options.optimize_filters_for_hits: 0
2021/07/21-16:54:08.213010 70000ddd5000                Options.paranoid_file_checks: 0
2021/07/21-16:54:08.213012 70000ddd5000                Options.force_consistency_checks: 0
2021/07/21-16:54:08.213135 70000ddd5000                Options.report_bg_io_stats: 0
2021/07/21-16:54:08.213141 70000ddd5000                               Options.ttl: 0
