2021/07/21-16:54:07.833523 70000ddd5000 RocksDB version: 5.18.3
2021/07/21-16:54:07.833597 70000ddd5000 Git sha rocksdb_build_git_sha:641fae60f63619ed5d0c9d9e4c4ea5a0ffa3e253
2021/07/21-16:54:07.833603 70000ddd5000 Compile date Apr 20 2019
2021/07/21-16:54:07.833605 70000ddd5000 DB SUMMARY
2021/07/21-16:54:07.833803 70000ddd5000 CURRENT file:  CURRENT
2021/07/21-16:54:07.833810 70000ddd5000 IDENTITY file:  IDENTITY
2021/07/21-16:54:07.833831 70000ddd5000 MANIFEST file:  MANIFEST-000007 size: 182783 Bytes
2021/07/21-16:54:07.833835 70000ddd5000 SST files in /Users/kakao/Desktop/kstreams-java/Kstreams.JavaObject/tmp/state/WinClickMapping/0_1/KSTREAM-JOINOTHER-0000000005-store/KSTREAM-JOINOTHER-0000000005-store.1626868800000 dir, Total Num: 4, files: 000850.sst 001065.sst 001189.sst 001198.sst 
2021/07/21-16:54:07.833838 70000ddd5000 Write Ahead Log file in /Users/kakao/Desktop/kstreams-java/Kstreams.JavaObject/tmp/state/WinClickMapping/0_1/KSTREAM-JOINOTHER-0000000005-store/KSTREAM-JOINOTHER-0000000005-store.1626868800000: 000003.log size: 0 ; 
2021/07/21-16:54:07.833842 70000ddd5000                         Options.error_if_exists: 0
2021/07/21-16:54:07.833844 70000ddd5000                       Options.create_if_missing: 1
2021/07/21-16:54:07.833846 70000ddd5000                         Options.paranoid_checks: 1
2021/07/21-16:54:07.833874 70000ddd5000                                     Options.env: 0x117f6ee08
2021/07/21-16:54:07.833879 70000ddd5000                                Options.info_log: 0x7fa471427b50
2021/07/21-16:54:07.833905 70000ddd5000                Options.max_file_opening_threads: 16
2021/07/21-16:54:07.833908 70000ddd5000                              Options.statistics: 0x0
2021/07/21-16:54:07.833910 70000ddd5000                               Options.use_fsync: 0
2021/07/21-16:54:07.833911 70000ddd5000                       Options.max_log_file_size: 0
2021/07/21-16:54:07.833913 70000ddd5000                  Options.max_manifest_file_size: 1073741824
2021/07/21-16:54:07.833915 70000ddd5000                   Options.log_file_time_to_roll: 0
2021/07/21-16:54:07.833916 70000ddd5000                       Options.keep_log_file_num: 1000
2021/07/21-16:54:07.833918 70000ddd5000                    Options.recycle_log_file_num: 0
2021/07/21-16:54:07.833919 70000ddd5000                         Options.allow_fallocate: 1
2021/07/21-16:54:07.833921 70000ddd5000                        Options.allow_mmap_reads: 0
2021/07/21-16:54:07.833923 70000ddd5000                       Options.allow_mmap_writes: 0
2021/07/21-16:54:07.833924 70000ddd5000                        Options.use_direct_reads: 0
2021/07/21-16:54:07.833925 70000ddd5000                        Options.use_direct_io_for_flush_and_compaction: 0
2021/07/21-16:54:07.833927 70000ddd5000          Options.create_missing_column_families: 0
2021/07/21-16:54:07.833929 70000ddd5000                              Options.db_log_dir: 
2021/07/21-16:54:07.833930 70000ddd5000                                 Options.wal_dir: /Users/kakao/Desktop/kstreams-java/Kstreams.JavaObject/tmp/state/WinClickMapping/0_1/KSTREAM-JOINOTHER-0000000005-store/KSTREAM-JOINOTHER-0000000005-store.1626868800000
2021/07/21-16:54:07.833932 70000ddd5000                Options.table_cache_numshardbits: 6
2021/07/21-16:54:07.833934 70000ddd5000                      Options.max_subcompactions: 1
2021/07/21-16:54:07.833935 70000ddd5000                  Options.max_background_flushes: -1
2021/07/21-16:54:07.833937 70000ddd5000                         Options.WAL_ttl_seconds: 0
2021/07/21-16:54:07.833939 70000ddd5000                       Options.WAL_size_limit_MB: 0
2021/07/21-16:54:07.833940 70000ddd5000             Options.manifest_preallocation_size: 4194304
2021/07/21-16:54:07.833942 70000ddd5000                     Options.is_fd_close_on_exec: 1
2021/07/21-16:54:07.833943 70000ddd5000                   Options.advise_random_on_open: 1
2021/07/21-16:54:07.833945 70000ddd5000                    Options.db_write_buffer_size: 0
2021/07/21-16:54:07.833946 70000ddd5000                    Options.write_buffer_manager: 0x7fa471419470
2021/07/21-16:54:07.833948 70000ddd5000         Options.access_hint_on_compaction_start: 1
2021/07/21-16:54:07.834015 70000ddd5000  Options.new_table_reader_for_compaction_inputs: 0
2021/07/21-16:54:07.834018 70000ddd5000           Options.random_access_max_buffer_size: 1048576
2021/07/21-16:54:07.834020 70000ddd5000                      Options.use_adaptive_mutex: 0
2021/07/21-16:54:07.834021 70000ddd5000                            Options.rate_limiter: 0x0
2021/07/21-16:54:07.834024 70000ddd5000     Options.sst_file_manager.rate_bytes_per_sec: 0
2021/07/21-16:54:07.834025 70000ddd5000                       Options.wal_recovery_mode: 2
2021/07/21-16:54:07.834027 70000ddd5000                  Options.enable_thread_tracking: 0
2021/07/21-16:54:07.834028 70000ddd5000                  Options.enable_pipelined_write: 0
2021/07/21-16:54:07.834030 70000ddd5000         Options.allow_concurrent_memtable_write: 1
2021/07/21-16:54:07.834031 70000ddd5000      Options.enable_write_thread_adaptive_yield: 1
2021/07/21-16:54:07.834033 70000ddd5000             Options.write_thread_max_yield_usec: 100
2021/07/21-16:54:07.834035 70000ddd5000            Options.write_thread_slow_yield_usec: 3
2021/07/21-16:54:07.834037 70000ddd5000                               Options.row_cache: None
2021/07/21-16:54:07.834038 70000ddd5000                              Options.wal_filter: None
2021/07/21-16:54:07.834040 70000ddd5000             Options.avoid_flush_during_recovery: 0
2021/07/21-16:54:07.834042 70000ddd5000             Options.allow_ingest_behind: 0
2021/07/21-16:54:07.834044 70000ddd5000             Options.preserve_deletes: 0
2021/07/21-16:54:07.834045 70000ddd5000             Options.two_write_queues: 0
2021/07/21-16:54:07.834046 70000ddd5000             Options.manual_wal_flush: 0
2021/07/21-16:54:07.834048 70000ddd5000             Options.max_background_jobs: 12
2021/07/21-16:54:07.834049 70000ddd5000             Options.max_background_compactions: -1
2021/07/21-16:54:07.834051 70000ddd5000             Options.avoid_flush_during_shutdown: 0
2021/07/21-16:54:07.834053 70000ddd5000           Options.writable_file_max_buffer_size: 1048576
2021/07/21-16:54:07.834054 70000ddd5000             Options.delayed_write_rate : 16777216
2021/07/21-16:54:07.834056 70000ddd5000             Options.max_total_wal_size: 0
2021/07/21-16:54:07.834057 70000ddd5000             Options.delete_obsolete_files_period_micros: 21600000000
2021/07/21-16:54:07.834059 70000ddd5000                   Options.stats_dump_period_sec: 600
2021/07/21-16:54:07.834061 70000ddd5000                          Options.max_open_files: -1
2021/07/21-16:54:07.834063 70000ddd5000                          Options.bytes_per_sync: 0
2021/07/21-16:54:07.834065 70000ddd5000                      Options.wal_bytes_per_sync: 0
2021/07/21-16:54:07.834066 70000ddd5000       Options.compaction_readahead_size: 0
2021/07/21-16:54:07.834068 70000ddd5000 Compression algorithms supported:
2021/07/21-16:54:07.834070 70000ddd5000 	kZSTD supported: 1
2021/07/21-16:54:07.834072 70000ddd5000 	kZlibCompression supported: 1
2021/07/21-16:54:07.834074 70000ddd5000 	kXpressCompression supported: 0
2021/07/21-16:54:07.834076 70000ddd5000 	kSnappyCompression supported: 1
2021/07/21-16:54:07.834078 70000ddd5000 	kZSTDNotFinalCompression supported: 1
2021/07/21-16:54:07.834080 70000ddd5000 	kLZ4HCCompression supported: 1
2021/07/21-16:54:07.834082 70000ddd5000 	kLZ4Compression supported: 1
2021/07/21-16:54:07.834083 70000ddd5000 	kBZip2Compression supported: 1
2021/07/21-16:54:07.834086 70000ddd5000 Fast CRC32 supported: Not supported on x86
2021/07/21-16:54:07.834853 70000ddd5000               Options.comparator: leveldb.BytewiseComparator
2021/07/21-16:54:07.834863 70000ddd5000           Options.merge_operator: None
2021/07/21-16:54:07.834865 70000ddd5000        Options.compaction_filter: None
2021/07/21-16:54:07.834867 70000ddd5000        Options.compaction_filter_factory: None
2021/07/21-16:54:07.834869 70000ddd5000         Options.memtable_factory: SkipListFactory
2021/07/21-16:54:07.834871 70000ddd5000            Options.table_factory: BlockBasedTable
2021/07/21-16:54:07.834948 70000ddd5000            table_factory options:   flush_block_policy_factory: FlushBlockBySizePolicyFactory (0x7fa4713f3060)
  cache_index_and_filter_blocks: 0
  cache_index_and_filter_blocks_with_high_priority: 0
  pin_l0_filter_and_index_blocks_in_cache: 0
  pin_top_level_index_and_filter: 1
  index_type: 0
  hash_index_allow_collision: 1
  checksum: 1
  no_block_cache: 0
  block_cache: 0x7fa4713c2658
  block_cache_name: LRUCache
  block_cache_options:
    capacity : 52428800
    num_shard_bits : 6
    strict_capacity_limit : 0
    memory_allocator : None
    high_pri_pool_ratio: 0.000
  block_cache_compressed: 0x0
  persistent_cache: 0x0
  block_size: 4096
  block_size_deviation: 10
  block_restart_interval: 16
  index_block_restart_interval: 1
  metadata_block_size: 4096
  partition_filters: 0
  use_delta_encoding: 1
  filter_policy: rocksdb.BuiltinBloomFilter
  whole_key_filtering: 1
  verify_compression: 0
  read_amp_bytes_per_bit: 0
  format_version: 0
  enable_index_compression: 1
  block_align: 0
2021/07/21-16:54:07.834953 70000ddd5000        Options.write_buffer_size: 16777216
2021/07/21-16:54:07.834955 70000ddd5000  Options.max_write_buffer_number: 3
2021/07/21-16:54:07.834957 70000ddd5000          Options.compression: NoCompression
2021/07/21-16:54:07.834959 70000ddd5000                  Options.bottommost_compression: Disabled
2021/07/21-16:54:07.834961 70000ddd5000       Options.prefix_extractor: nullptr
2021/07/21-16:54:07.834963 70000ddd5000   Options.memtable_insert_with_hint_prefix_extractor: nullptr
2021/07/21-16:54:07.834965 70000ddd5000             Options.num_levels: 7
2021/07/21-16:54:07.834966 70000ddd5000        Options.min_write_buffer_number_to_merge: 1
2021/07/21-16:54:07.834968 70000ddd5000     Options.max_write_buffer_number_to_maintain: 0
2021/07/21-16:54:07.834972 70000ddd5000            Options.bottommost_compression_opts.window_bits: -14
2021/07/21-16:54:07.834974 70000ddd5000                  Options.bottommost_compression_opts.level: 32767
2021/07/21-16:54:07.834975 70000ddd5000               Options.bottommost_compression_opts.strategy: 0
2021/07/21-16:54:07.834977 70000ddd5000         Options.bottommost_compression_opts.max_dict_bytes: 0
2021/07/21-16:54:07.834979 70000ddd5000         Options.bottommost_compression_opts.zstd_max_train_bytes: 0
2021/07/21-16:54:07.834980 70000ddd5000                  Options.bottommost_compression_opts.enabled: false
2021/07/21-16:54:07.834982 70000ddd5000            Options.compression_opts.window_bits: -14
2021/07/21-16:54:07.834984 70000ddd5000                  Options.compression_opts.level: 32767
2021/07/21-16:54:07.834986 70000ddd5000               Options.compression_opts.strategy: 0
2021/07/21-16:54:07.834988 70000ddd5000         Options.compression_opts.max_dict_bytes: 0
2021/07/21-16:54:07.834990 70000ddd5000         Options.compression_opts.zstd_max_train_bytes: 0
2021/07/21-16:54:07.834991 70000ddd5000                  Options.compression_opts.enabled: false
2021/07/21-16:54:07.834993 70000ddd5000      Options.level0_file_num_compaction_trigger: 4
2021/07/21-16:54:07.834995 70000ddd5000          Options.level0_slowdown_writes_trigger: 20
2021/07/21-16:54:07.834997 70000ddd5000              Options.level0_stop_writes_trigger: 36
2021/07/21-16:54:07.834999 70000ddd5000                   Options.target_file_size_base: 67108864
2021/07/21-16:54:07.835001 70000ddd5000             Options.target_file_size_multiplier: 1
2021/07/21-16:54:07.835003 70000ddd5000                Options.max_bytes_for_level_base: 268435456
2021/07/21-16:54:07.835005 70000ddd5000 Options.level_compaction_dynamic_level_bytes: 0
2021/07/21-16:54:07.835007 70000ddd5000          Options.max_bytes_for_level_multiplier: 10.000000
2021/07/21-16:54:07.835009 70000ddd5000 Options.max_bytes_for_level_multiplier_addtl[0]: 1
2021/07/21-16:54:07.835011 70000ddd5000 Options.max_bytes_for_level_multiplier_addtl[1]: 1
2021/07/21-16:54:07.835013 70000ddd5000 Options.max_bytes_for_level_multiplier_addtl[2]: 1
2021/07/21-16:54:07.835015 70000ddd5000 Options.max_bytes_for_level_multiplier_addtl[3]: 1
2021/07/21-16:54:07.835047 70000ddd5000 Options.max_bytes_for_level_multiplier_addtl[4]: 1
2021/07/21-16:54:07.835049 70000ddd5000 Options.max_bytes_for_level_multiplier_addtl[5]: 1
2021/07/21-16:54:07.835051 70000ddd5000 Options.max_bytes_for_level_multiplier_addtl[6]: 1
2021/07/21-16:54:07.835052 70000ddd5000       Options.max_sequential_skip_in_iterations: 8
2021/07/21-16:54:07.835054 70000ddd5000                    Options.max_compaction_bytes: 1677721600
2021/07/21-16:54:07.835056 70000ddd5000                        Options.arena_block_size: 2097152
2021/07/21-16:54:07.835058 70000ddd5000   Options.soft_pending_compaction_bytes_limit: 68719476736
2021/07/21-16:54:07.835060 70000ddd5000   Options.hard_pending_compaction_bytes_limit: 274877906944
2021/07/21-16:54:07.835062 70000ddd5000       Options.rate_limit_delay_max_milliseconds: 100
2021/07/21-16:54:07.835063 70000ddd5000                Options.disable_auto_compactions: 0
2021/07/21-16:54:07.835066 70000ddd5000                        Options.compaction_style: kCompactionStyleUniversal
2021/07/21-16:54:07.835068 70000ddd5000                          Options.compaction_pri: kByCompensatedSize
2021/07/21-16:54:07.835070 70000ddd5000 Options.compaction_options_universal.size_ratio: 1
2021/07/21-16:54:07.835072 70000ddd5000 Options.compaction_options_universal.min_merge_width: 2
2021/07/21-16:54:07.835074 70000ddd5000 Options.compaction_options_universal.max_merge_width: 4294967295
2021/07/21-16:54:07.835076 70000ddd5000 Options.compaction_options_universal.max_size_amplification_percent: 200
2021/07/21-16:54:07.835077 70000ddd5000 Options.compaction_options_universal.compression_size_percent: -1
2021/07/21-16:54:07.835080 70000ddd5000 Options.compaction_options_universal.stop_style: kCompactionStopStyleTotalSize
2021/07/21-16:54:07.835081 70000ddd5000 Options.compaction_options_fifo.max_table_files_size: 1073741824
2021/07/21-16:54:07.835083 70000ddd5000 Options.compaction_options_fifo.allow_compaction: 0
2021/07/21-16:54:07.835085 70000ddd5000 Options.compaction_options_fifo.ttl: 0
2021/07/21-16:54:07.835087 70000ddd5000                   Options.table_properties_collectors: 
2021/07/21-16:54:07.835089 70000ddd5000                   Options.inplace_update_support: 0
2021/07/21-16:54:07.835090 70000ddd5000                 Options.inplace_update_num_locks: 10000
2021/07/21-16:54:07.835092 70000ddd5000               Options.memtable_prefix_bloom_size_ratio: 0.000000
2021/07/21-16:54:07.835095 70000ddd5000   Options.memtable_huge_page_size: 0
2021/07/21-16:54:07.835097 70000ddd5000                           Options.bloom_locality: 0
2021/07/21-16:54:07.835099 70000ddd5000                    Options.max_successive_merges: 0
2021/07/21-16:54:07.835101 70000ddd5000                Options.optimize_filters_for_hits: 0
2021/07/21-16:54:07.835103 70000ddd5000                Options.paranoid_file_checks: 0
2021/07/21-16:54:07.835104 70000ddd5000                Options.force_consistency_checks: 0
2021/07/21-16:54:07.835106 70000ddd5000                Options.report_bg_io_stats: 0
2021/07/21-16:54:07.835107 70000ddd5000                               Options.ttl: 0
