2021/07/21-16:54:08.177166 70000ddd5000 RocksDB version: 5.18.3
2021/07/21-16:54:08.177214 70000ddd5000 Git sha rocksdb_build_git_sha:641fae60f63619ed5d0c9d9e4c4ea5a0ffa3e253
2021/07/21-16:54:08.177217 70000ddd5000 Compile date Apr 20 2019
2021/07/21-16:54:08.177218 70000ddd5000 DB SUMMARY
2021/07/21-16:54:08.177321 70000ddd5000 CURRENT file:  CURRENT
2021/07/21-16:54:08.177323 70000ddd5000 IDENTITY file:  IDENTITY
2021/07/21-16:54:08.177335 70000ddd5000 MANIFEST file:  MANIFEST-000007 size: 183552 Bytes
2021/07/21-16:54:08.177337 70000ddd5000 SST files in /Users/kakao/Desktop/kstreams-java/Kstreams.JavaObject/tmp/state/WinClickMapping/0_2/KSTREAM-JOINOTHER-0000000005-store/KSTREAM-JOINOTHER-0000000005-store.1626868800000 dir, Total Num: 4, files: 000839.sst 001054.sst 001178.sst 001203.sst 
2021/07/21-16:54:08.177339 70000ddd5000 Write Ahead Log file in /Users/kakao/Desktop/kstreams-java/Kstreams.JavaObject/tmp/state/WinClickMapping/0_2/KSTREAM-JOINOTHER-0000000005-store/KSTREAM-JOINOTHER-0000000005-store.1626868800000: 000003.log size: 0 ; 
2021/07/21-16:54:08.177341 70000ddd5000                         Options.error_if_exists: 0
2021/07/21-16:54:08.177342 70000ddd5000                       Options.create_if_missing: 1
2021/07/21-16:54:08.177343 70000ddd5000                         Options.paranoid_checks: 1
2021/07/21-16:54:08.177344 70000ddd5000                                     Options.env: 0x117f6ee08
2021/07/21-16:54:08.177345 70000ddd5000                                Options.info_log: 0x7fa4713b79a0
2021/07/21-16:54:08.177346 70000ddd5000                Options.max_file_opening_threads: 16
2021/07/21-16:54:08.177347 70000ddd5000                              Options.statistics: 0x0
2021/07/21-16:54:08.177348 70000ddd5000                               Options.use_fsync: 0
2021/07/21-16:54:08.177349 70000ddd5000                       Options.max_log_file_size: 0
2021/07/21-16:54:08.177350 70000ddd5000                  Options.max_manifest_file_size: 1073741824
2021/07/21-16:54:08.177351 70000ddd5000                   Options.log_file_time_to_roll: 0
2021/07/21-16:54:08.177352 70000ddd5000                       Options.keep_log_file_num: 1000
2021/07/21-16:54:08.177353 70000ddd5000                    Options.recycle_log_file_num: 0
2021/07/21-16:54:08.177354 70000ddd5000                         Options.allow_fallocate: 1
2021/07/21-16:54:08.177355 70000ddd5000                        Options.allow_mmap_reads: 0
2021/07/21-16:54:08.177356 70000ddd5000                       Options.allow_mmap_writes: 0
2021/07/21-16:54:08.177357 70000ddd5000                        Options.use_direct_reads: 0
2021/07/21-16:54:08.177358 70000ddd5000                        Options.use_direct_io_for_flush_and_compaction: 0
2021/07/21-16:54:08.177359 70000ddd5000          Options.create_missing_column_families: 0
2021/07/21-16:54:08.177360 70000ddd5000                              Options.db_log_dir: 
2021/07/21-16:54:08.177361 70000ddd5000                                 Options.wal_dir: /Users/kakao/Desktop/kstreams-java/Kstreams.JavaObject/tmp/state/WinClickMapping/0_2/KSTREAM-JOINOTHER-0000000005-store/KSTREAM-JOINOTHER-0000000005-store.1626868800000
2021/07/21-16:54:08.177362 70000ddd5000                Options.table_cache_numshardbits: 6
2021/07/21-16:54:08.177363 70000ddd5000                      Options.max_subcompactions: 1
2021/07/21-16:54:08.177364 70000ddd5000                  Options.max_background_flushes: -1
2021/07/21-16:54:08.177365 70000ddd5000                         Options.WAL_ttl_seconds: 0
2021/07/21-16:54:08.177373 70000ddd5000                       Options.WAL_size_limit_MB: 0
2021/07/21-16:54:08.177374 70000ddd5000             Options.manifest_preallocation_size: 4194304
2021/07/21-16:54:08.177375 70000ddd5000                     Options.is_fd_close_on_exec: 1
2021/07/21-16:54:08.177376 70000ddd5000                   Options.advise_random_on_open: 1
2021/07/21-16:54:08.177377 70000ddd5000                    Options.db_write_buffer_size: 0
2021/07/21-16:54:08.177378 70000ddd5000                    Options.write_buffer_manager: 0x7fa4713f94c0
2021/07/21-16:54:08.177379 70000ddd5000         Options.access_hint_on_compaction_start: 1
2021/07/21-16:54:08.177403 70000ddd5000  Options.new_table_reader_for_compaction_inputs: 0
2021/07/21-16:54:08.177404 70000ddd5000           Options.random_access_max_buffer_size: 1048576
2021/07/21-16:54:08.177405 70000ddd5000                      Options.use_adaptive_mutex: 0
2021/07/21-16:54:08.177406 70000ddd5000                            Options.rate_limiter: 0x0
2021/07/21-16:54:08.177407 70000ddd5000     Options.sst_file_manager.rate_bytes_per_sec: 0
2021/07/21-16:54:08.177408 70000ddd5000                       Options.wal_recovery_mode: 2
2021/07/21-16:54:08.177409 70000ddd5000                  Options.enable_thread_tracking: 0
2021/07/21-16:54:08.177411 70000ddd5000                  Options.enable_pipelined_write: 0
2021/07/21-16:54:08.177411 70000ddd5000         Options.allow_concurrent_memtable_write: 1
2021/07/21-16:54:08.177412 70000ddd5000      Options.enable_write_thread_adaptive_yield: 1
2021/07/21-16:54:08.177413 70000ddd5000             Options.write_thread_max_yield_usec: 100
2021/07/21-16:54:08.177414 70000ddd5000            Options.write_thread_slow_yield_usec: 3
2021/07/21-16:54:08.177415 70000ddd5000                               Options.row_cache: None
2021/07/21-16:54:08.177416 70000ddd5000                              Options.wal_filter: None
2021/07/21-16:54:08.177418 70000ddd5000             Options.avoid_flush_during_recovery: 0
2021/07/21-16:54:08.177419 70000ddd5000             Options.allow_ingest_behind: 0
2021/07/21-16:54:08.177420 70000ddd5000             Options.preserve_deletes: 0
2021/07/21-16:54:08.177421 70000ddd5000             Options.two_write_queues: 0
2021/07/21-16:54:08.177422 70000ddd5000             Options.manual_wal_flush: 0
2021/07/21-16:54:08.177423 70000ddd5000             Options.max_background_jobs: 12
2021/07/21-16:54:08.177424 70000ddd5000             Options.max_background_compactions: -1
2021/07/21-16:54:08.177425 70000ddd5000             Options.avoid_flush_during_shutdown: 0
2021/07/21-16:54:08.177426 70000ddd5000           Options.writable_file_max_buffer_size: 1048576
2021/07/21-16:54:08.177427 70000ddd5000             Options.delayed_write_rate : 16777216
2021/07/21-16:54:08.177428 70000ddd5000             Options.max_total_wal_size: 0
2021/07/21-16:54:08.177429 70000ddd5000             Options.delete_obsolete_files_period_micros: 21600000000
2021/07/21-16:54:08.177430 70000ddd5000                   Options.stats_dump_period_sec: 600
2021/07/21-16:54:08.177431 70000ddd5000                          Options.max_open_files: -1
2021/07/21-16:54:08.177432 70000ddd5000                          Options.bytes_per_sync: 0
2021/07/21-16:54:08.177433 70000ddd5000                      Options.wal_bytes_per_sync: 0
2021/07/21-16:54:08.177434 70000ddd5000       Options.compaction_readahead_size: 0
2021/07/21-16:54:08.177435 70000ddd5000 Compression algorithms supported:
2021/07/21-16:54:08.177437 70000ddd5000 	kZSTD supported: 1
2021/07/21-16:54:08.177438 70000ddd5000 	kZlibCompression supported: 1
2021/07/21-16:54:08.177439 70000ddd5000 	kXpressCompression supported: 0
2021/07/21-16:54:08.177440 70000ddd5000 	kSnappyCompression supported: 1
2021/07/21-16:54:08.177441 70000ddd5000 	kZSTDNotFinalCompression supported: 1
2021/07/21-16:54:08.177442 70000ddd5000 	kLZ4HCCompression supported: 1
2021/07/21-16:54:08.177443 70000ddd5000 	kLZ4Compression supported: 1
2021/07/21-16:54:08.177444 70000ddd5000 	kBZip2Compression supported: 1
2021/07/21-16:54:08.177446 70000ddd5000 Fast CRC32 supported: Not supported on x86
2021/07/21-16:54:08.177895 70000ddd5000               Options.comparator: leveldb.BytewiseComparator
2021/07/21-16:54:08.177904 70000ddd5000           Options.merge_operator: None
2021/07/21-16:54:08.177906 70000ddd5000        Options.compaction_filter: None
2021/07/21-16:54:08.177908 70000ddd5000        Options.compaction_filter_factory: None
2021/07/21-16:54:08.177909 70000ddd5000         Options.memtable_factory: SkipListFactory
2021/07/21-16:54:08.177911 70000ddd5000            Options.table_factory: BlockBasedTable
2021/07/21-16:54:08.177962 70000ddd5000            table_factory options:   flush_block_policy_factory: FlushBlockBySizePolicyFactory (0x7fa4710fefe0)
  cache_index_and_filter_blocks: 0
  cache_index_and_filter_blocks_with_high_priority: 0
  pin_l0_filter_and_index_blocks_in_cache: 0
  pin_top_level_index_and_filter: 1
  index_type: 0
  hash_index_allow_collision: 1
  checksum: 1
  no_block_cache: 0
  block_cache: 0x7fa471336da8
  block_cache_name: LRUCache
  block_cache_options:
    capacity : 52428800
    num_shard_bits : 6
    strict_capacity_limit : 0
    memory_allocator : None
    high_pri_pool_ratio: 0.000
  block_cache_compressed: 0x0
  persistent_cache: 0x0
  block_size: 4096
  block_size_deviation: 10
  block_restart_interval: 16
  index_block_restart_interval: 1
  metadata_block_size: 4096
  partition_filters: 0
  use_delta_encoding: 1
  filter_policy: rocksdb.BuiltinBloomFilter
  whole_key_filtering: 1
  verify_compression: 0
  read_amp_bytes_per_bit: 0
  format_version: 0
  enable_index_compression: 1
  block_align: 0
2021/07/21-16:54:08.177963 70000ddd5000        Options.write_buffer_size: 16777216
2021/07/21-16:54:08.177964 70000ddd5000  Options.max_write_buffer_number: 3
2021/07/21-16:54:08.177965 70000ddd5000          Options.compression: NoCompression
2021/07/21-16:54:08.177967 70000ddd5000                  Options.bottommost_compression: Disabled
2021/07/21-16:54:08.177968 70000ddd5000       Options.prefix_extractor: nullptr
2021/07/21-16:54:08.177969 70000ddd5000   Options.memtable_insert_with_hint_prefix_extractor: nullptr
2021/07/21-16:54:08.177970 70000ddd5000             Options.num_levels: 7
2021/07/21-16:54:08.177971 70000ddd5000        Options.min_write_buffer_number_to_merge: 1
2021/07/21-16:54:08.177972 70000ddd5000     Options.max_write_buffer_number_to_maintain: 0
2021/07/21-16:54:08.177973 70000ddd5000            Options.bottommost_compression_opts.window_bits: -14
2021/07/21-16:54:08.177974 70000ddd5000                  Options.bottommost_compression_opts.level: 32767
2021/07/21-16:54:08.177975 70000ddd5000               Options.bottommost_compression_opts.strategy: 0
2021/07/21-16:54:08.177976 70000ddd5000         Options.bottommost_compression_opts.max_dict_bytes: 0
2021/07/21-16:54:08.177977 70000ddd5000         Options.bottommost_compression_opts.zstd_max_train_bytes: 0
2021/07/21-16:54:08.177978 70000ddd5000                  Options.bottommost_compression_opts.enabled: false
2021/07/21-16:54:08.177979 70000ddd5000            Options.compression_opts.window_bits: -14
2021/07/21-16:54:08.177980 70000ddd5000                  Options.compression_opts.level: 32767
2021/07/21-16:54:08.177981 70000ddd5000               Options.compression_opts.strategy: 0
2021/07/21-16:54:08.177982 70000ddd5000         Options.compression_opts.max_dict_bytes: 0
2021/07/21-16:54:08.177983 70000ddd5000         Options.compression_opts.zstd_max_train_bytes: 0
2021/07/21-16:54:08.177984 70000ddd5000                  Options.compression_opts.enabled: false
2021/07/21-16:54:08.177985 70000ddd5000      Options.level0_file_num_compaction_trigger: 4
2021/07/21-16:54:08.177986 70000ddd5000          Options.level0_slowdown_writes_trigger: 20
2021/07/21-16:54:08.177987 70000ddd5000              Options.level0_stop_writes_trigger: 36
2021/07/21-16:54:08.177988 70000ddd5000                   Options.target_file_size_base: 67108864
2021/07/21-16:54:08.177989 70000ddd5000             Options.target_file_size_multiplier: 1
2021/07/21-16:54:08.177990 70000ddd5000                Options.max_bytes_for_level_base: 268435456
2021/07/21-16:54:08.177991 70000ddd5000 Options.level_compaction_dynamic_level_bytes: 0
2021/07/21-16:54:08.177992 70000ddd5000          Options.max_bytes_for_level_multiplier: 10.000000
2021/07/21-16:54:08.177994 70000ddd5000 Options.max_bytes_for_level_multiplier_addtl[0]: 1
2021/07/21-16:54:08.177995 70000ddd5000 Options.max_bytes_for_level_multiplier_addtl[1]: 1
2021/07/21-16:54:08.177997 70000ddd5000 Options.max_bytes_for_level_multiplier_addtl[2]: 1
2021/07/21-16:54:08.177998 70000ddd5000 Options.max_bytes_for_level_multiplier_addtl[3]: 1
2021/07/21-16:54:08.178023 70000ddd5000 Options.max_bytes_for_level_multiplier_addtl[4]: 1
2021/07/21-16:54:08.178025 70000ddd5000 Options.max_bytes_for_level_multiplier_addtl[5]: 1
2021/07/21-16:54:08.178025 70000ddd5000 Options.max_bytes_for_level_multiplier_addtl[6]: 1
2021/07/21-16:54:08.178026 70000ddd5000       Options.max_sequential_skip_in_iterations: 8
2021/07/21-16:54:08.178027 70000ddd5000                    Options.max_compaction_bytes: 1677721600
2021/07/21-16:54:08.178028 70000ddd5000                        Options.arena_block_size: 2097152
2021/07/21-16:54:08.178029 70000ddd5000   Options.soft_pending_compaction_bytes_limit: 68719476736
2021/07/21-16:54:08.178031 70000ddd5000   Options.hard_pending_compaction_bytes_limit: 274877906944
2021/07/21-16:54:08.178032 70000ddd5000       Options.rate_limit_delay_max_milliseconds: 100
2021/07/21-16:54:08.178033 70000ddd5000                Options.disable_auto_compactions: 0
2021/07/21-16:54:08.178034 70000ddd5000                        Options.compaction_style: kCompactionStyleUniversal
2021/07/21-16:54:08.178036 70000ddd5000                          Options.compaction_pri: kByCompensatedSize
2021/07/21-16:54:08.178037 70000ddd5000 Options.compaction_options_universal.size_ratio: 1
2021/07/21-16:54:08.178037 70000ddd5000 Options.compaction_options_universal.min_merge_width: 2
2021/07/21-16:54:08.178038 70000ddd5000 Options.compaction_options_universal.max_merge_width: 4294967295
2021/07/21-16:54:08.178040 70000ddd5000 Options.compaction_options_universal.max_size_amplification_percent: 200
2021/07/21-16:54:08.178041 70000ddd5000 Options.compaction_options_universal.compression_size_percent: -1
2021/07/21-16:54:08.178042 70000ddd5000 Options.compaction_options_universal.stop_style: kCompactionStopStyleTotalSize
2021/07/21-16:54:08.178043 70000ddd5000 Options.compaction_options_fifo.max_table_files_size: 1073741824
2021/07/21-16:54:08.178044 70000ddd5000 Options.compaction_options_fifo.allow_compaction: 0
2021/07/21-16:54:08.178045 70000ddd5000 Options.compaction_options_fifo.ttl: 0
2021/07/21-16:54:08.178046 70000ddd5000                   Options.table_properties_collectors: 
2021/07/21-16:54:08.178047 70000ddd5000                   Options.inplace_update_support: 0
2021/07/21-16:54:08.178048 70000ddd5000                 Options.inplace_update_num_locks: 10000
2021/07/21-16:54:08.178049 70000ddd5000               Options.memtable_prefix_bloom_size_ratio: 0.000000
2021/07/21-16:54:08.178050 70000ddd5000   Options.memtable_huge_page_size: 0
2021/07/21-16:54:08.178051 70000ddd5000                           Options.bloom_locality: 0
2021/07/21-16:54:08.178052 70000ddd5000                    Options.max_successive_merges: 0
2021/07/21-16:54:08.178053 70000ddd5000                Options.optimize_filters_for_hits: 0
2021/07/21-16:54:08.178054 70000ddd5000                Options.paranoid_file_checks: 0
2021/07/21-16:54:08.178055 70000ddd5000                Options.force_consistency_checks: 0
2021/07/21-16:54:08.178056 70000ddd5000                Options.report_bg_io_stats: 0
2021/07/21-16:54:08.178057 70000ddd5000                               Options.ttl: 0
